날짜,시간,시가,고가,저가,종가,거래량,거래대금,누적체결매도수량,누적체결매수수량
20240807,901,65000,65100,64000,64300,15862,1028340000,5300,10562
20240807,902,64300,64500,64000,64500,3339,214370000,7660,11541
20240807,903,64500,64600,64100,64300,4775,307340000,10930,13046
20240807,904,64300,64500,64200,64300,1491,95880000,12134,13333
20240807,905,64300,64400,63600,63600,7083,453030000,18943,13607
20240807,906,63600,63900,63400,63600,2778,176750000,20776,14552
20240807,907,63700,63700,63500,63500,2524,160470000,22459,15393
20240807,908,63500,64100,63500,64100,1923,122620000,23393,16382
20240807,909,64100,64500,64100,64400,1861,119620000,24112,17524
20240807,910,64400,64500,64200,64300,1895,121960000,25294,18237
20240807,911,64300,64300,63900,64100,2870,183880000,27819,18582
20240807,912,64100,64200,64000,64100,915,58650000,28127,19189
20240807,913,64200,64800,64100,64700,5511,355430000,28479,24348
20240807,914,64700,65100,64700,64900,8054,523290000,31156,29725
20240807,915,64900,65000,64600,64800,2303,149200000,32609,30575
20240807,916,64800,64800,64400,64500,1779,114800000,34181,30782
20240807,917,64400,64700,64400,64600,934,60270000,34781,31116
20240807,918,64600,64700,64500,64600,368,23760000,34887,31378
20240807,919,64600,64900,64500,64900,1810,117140000,35471,32604
20240807,920,64900,64900,64800,64900,1170,75920000,35790,33455
20240807,921,64900,65900,64900,65900,14086,921880000,37751,45580
20240807,922,65900,66000,64900,65200,11835,774460000,46707,48459
20240807,923,65200,65300,64800,65100,4750,309080000,50275,49641
20240807,924,65100,65200,65100,65100,1906,124180000,51543,50279
20240807,925,65100,65200,65000,65100,1916,124750000,52465,51273
20240807,926,65100,65300,65100,65200,1743,113650000,53321,52160
20240807,927,65200,65400,65100,65100,2254,147100000,54669,53066
20240807,928,65100,65200,65100,65100,1535,99930000,55784,53486
20240807,929,65100,65200,64900,65100,3668,238290000,57771,55167
20240807,930,65000,65200,65000,65000,1420,92360000,58765,55593
20240807,931,65000,65200,64900,65000,3108,202050000,60408,57058
20240807,932,64900,65000,64800,64900,1806,117150000,62035,57237
20240807,933,64900,65000,64700,64900,1709,110790000,62799,58182
20240807,934,65000,65000,64800,64900,758,49210000,63139,58600
20240807,935,64900,65000,64900,64900,1377,89380000,64209,58907
20240807,936,64900,65200,64900,65200,2386,155190000,64928,60574
20240807,937,65100,65300,65100,65200,1131,73740000,65187,61446
20240807,938,65300,65400,65200,65400,990,64640000,65441,62182
20240807,939,65400,65400,65200,65300,1337,87330000,66331,62629
20240807,940,65300,65400,65200,65400,1178,76840000,67167,62971
20240807,941,65300,65400,65300,65400,1170,76430000,67727,63581
20240807,942,65300,65500,65200,65400,1523,99520000,68032,64799
20240807,943,65400,65500,65400,65500,1567,102580000,68565,65833
20240807,944,65400,65600,65400,65500,1109,72620000,69243,66264
20240807,945,65500,65600,65400,65500,3276,214530000,71897,66886
20240807,946,65600,65700,65400,65600,1741,114180000,72410,68114
20240807,947,65500,65700,65500,65700,2055,134810000,72998,69581
20240807,948,65700,65800,65500,65600,3786,248570000,75060,71305
20240807,949,65600,65600,65300,65400,2669,174630000,77461,71573
20240807,950,65500,65500,65400,65400,1808,118350000,78515,72327
20240807,951,65400,66000,65300,65900,8163,536460000,78765,80240
20240807,952,66000,66000,65500,65800,4409,290350000,81404,82010
20240807,953,65800,65900,65700,65800,2379,156500000,82251,83542
20240807,954,65700,65800,65600,65700,2136,140240000,84050,83879
20240807,955,65700,65900,65500,65900,3723,244740000,85275,86377
20240807,956,65900,66500,65900,66500,15596,1032040000,86088,101160
20240807,957,66500,66500,66100,66200,6435,426840000,88980,104703
20240807,958,66300,66300,66200,66300,1387,91930000,89234,105836
20240807,959,66300,66300,65700,65800,4959,327510000,93598,106431
20240807,1000,65800,66200,65800,66100,1015,67020000,93818,107226
20240807,1001,66200,66500,66100,66400,3950,262340000,94132,110862
20240807,1002,66500,66500,66100,66200,5485,364320000,96214,114265
20240807,1003,66200,66500,66200,66500,1091,72440000,96327,115243
20240807,1004,66500,66700,66400,66600,5641,375720000,97878,119333
20240807,1005,66600,66700,66300,66700,4902,325940000,100194,121919
20240807,1006,66700,66900,66600,66700,8894,594180000,101823,129184
20240807,1007,66700,66700,66400,66500,2036,135510000,103199,129844
20240807,1008,66600,66600,66200,66200,3098,205660000,105929,130212
20240807,1009,66200,66400,66200,66400,874,57920000,106657,130358
20240807,1010,66300,66400,66300,66400,688,45630000,107163,130540
20240807,1011,66400,66700,66400,66700,2660,177100000,107299,133064
20240807,1012,66700,66800,66600,66800,1951,130200000,107959,134355
20240807,1013,66700,66800,66600,66700,942,62840000,108375,134881
20240807,1014,66700,66900,66700,66800,1848,123390000,109135,135969
20240807,1015,66800,66900,66700,66800,1648,110060000,109762,136990
20240807,1016,66800,66900,66700,66800,1126,75210000,110126,137752
20240807,1017,66800,66900,66500,66800,7752,516870000,113568,142062
20240807,1018,66800,66900,66400,66400,5414,360430000,117196,143848
20240807,1019,66500,66700,66300,66700,1829,121640000,118095,144778
20240807,1020,66700,66800,66600,66700,812,54180000,118432,145253
20240807,1021,66700,66800,66600,66700,574,38290000,118744,145515
20240807,1022,66700,67000,66700,67000,3867,258590000,119079,149047
20240807,1023,67000,67000,66800,66800,1650,110400000,119972,149804
20240807,1024,66900,66900,66600,66600,1766,117880000,121449,150093
20240807,1025,66700,66800,66600,66700,1200,80030000,122212,150530
20240807,1026,66800,66800,66600,66700,654,43630000,122588,150808
20240807,1027,66600,66700,66600,66700,535,35650000,122887,151044
20240807,1028,66600,66700,66600,66700,820,54690000,123014,151737
20240807,1029,66700,66900,66700,66800,1895,126560000,123437,153209
20240807,1030,66800,66800,66700,66800,812,54220000,123644,153814
20240807,1031,66800,66800,66700,66800,1100,73480000,123726,154832
20240807,1032,66800,66900,66700,66800,1202,80280000,124241,155519
20240807,1033,66900,66900,66800,66800,545,36440000,124499,155806
20240807,1034,66800,66900,66800,66800,639,42730000,124694,156250
20240807,1035,66900,67000,66800,67000,1772,118570000,124990,157726
20240807,1036,67000,67000,66900,67000,4148,277910000,125067,161797
20240807,1037,67000,67100,66900,66900,1687,113080000,126107,162444
20240807,1038,67000,67100,66900,67000,1492,99970000,126960,163083
20240807,1039,67000,67000,66800,66900,1936,129490000,128427,163552
20240807,1040,66900,66900,66800,66800,2227,148850000,130333,163873
20240807,1041,66800,66900,66800,66800,989,66070000,130669,164526
20240807,1042,66800,66900,66700,66900,1574,105160000,131195,165574
20240807,1043,66800,67000,66800,67000,3405,227710000,132056,168118
20240807,1044,67000,67000,66900,67000,709,47480000,132293,168590
20240807,1045,67000,67200,66900,67100,2515,168660000,132596,170802
20240807,1046,67200,67200,67100,67100,1212,81430000,132776,171834
20240807,1047,67100,67200,67000,67100,2089,140260000,133890,172809
20240807,1048,67100,67200,67000,67000,1160,77810000,134377,173482
20240807,1049,67000,67100,67000,67100,637,42710000,134692,173804
20240807,1050,67000,67100,67000,67000,968,64900000,135224,174240
20240807,1051,67100,67100,67000,67000,1475,98880000,136176,174763
20240807,1052,67100,67200,67000,67200,1821,122210000,136408,176352
20240807,1053,67100,67400,66900,67400,5821,391340000,137890,180691
20240807,1054,67400,67400,67300,67400,1509,101630000,138436,181654
20240807,1055,67400,67500,67300,67400,2876,193810000,139341,183625
20240807,1056,67400,67500,67300,67500,1486,100160000,139384,185068
20240807,1057,67400,67500,67400,67500,1636,110320000,140437,185651
20240807,1058,67400,67600,67400,67500,7052,476100000,140603,192537
20240807,1059,67600,67700,67400,67400,6202,419290000,143766,195576
20240807,1100,67500,67600,67300,67500,2603,175370000,145578,196367
20240807,1101,67500,67600,67300,67500,817,55090000,146130,196632
20240807,1102,67500,67500,67200,67500,1002,67460000,146857,196907
20240807,1103,67500,67500,67200,67300,2027,136350000,148389,197402
20240807,1104,67300,67300,67200,67300,1042,70050000,149188,197645
20240807,1105,67300,67500,67000,67200,3357,225750000,150639,199551
20240807,1106,67400,67400,67200,67300,1135,76360000,150930,200395
20240807,1107,67400,67500,67100,67400,1149,77370000,151690,200784
20240807,1108,67400,67900,67400,67800,8363,566020000,152359,208478
20240807,1109,67800,68000,67700,67800,5200,352910000,154315,211722
20240807,1110,67800,67900,67700,67900,1334,90480000,154821,212550
20240807,1111,67900,67900,67800,67900,1283,87100000,154930,213724
20240807,1112,67900,68000,67800,67900,2023,137370000,156038,214639
20240807,1113,67900,67900,67700,67800,1515,102780000,156896,215296
20240807,1114,67800,67900,67700,67900,1661,112670000,157204,216649
20240807,1115,67900,68000,67800,67900,1439,97700000,157472,217820
20240807,1116,67800,67900,67700,67700,1611,109180000,158816,218087
20240807,1117,67700,67800,67600,67800,649,43950000,159050,218502
20240807,1118,67800,67900,67800,67900,640,43400000,159325,218867
20240807,1119,67900,67900,67800,67800,671,45540000,159602,219261
20240807,1120,67900,67900,67800,67800,478,32450000,159674,219667
20240807,1121,67900,67900,67800,67900,1097,74460000,159868,220570
20240807,1122,67900,67900,67700,67900,4454,302150000,162598,222294
20240807,1123,67800,67900,67800,67900,335,22730000,162730,222497
20240807,1124,67900,68000,67800,67900,1693,114950000,163250,223670
20240807,1125,67800,67900,67800,67900,338,22930000,163469,223789
20240807,1126,67900,67900,67700,67700,2746,186100000,166042,223962
20240807,1127,67700,67800,67600,67800,937,63450000,166560,224381
20240807,1128,67700,67800,67600,67700,987,66820000,167410,224518
20240807,1129,67600,67700,67300,67300,2889,194980000,169637,225180
20240807,1130,67600,67600,67300,67500,895,60380000,170309,225403
20240807,1131,67500,67600,67500,67600,524,35400000,170442,225794
20240807,1132,67600,67700,67500,67600,821,55490000,170723,226334
20240807,1133,67600,67700,67600,67600,557,37660000,171211,226403
20240807,1134,67600,67700,67500,67600,250,16910000,171361,226503
20240807,1135,67600,67700,67600,67600,570,38560000,171717,226717
20240807,1136,67600,67700,67600,67700,197,13330000,171766,226865
20240807,1137,67700,67700,67600,67700,205,13870000,171882,226954
20240807,1138,67700,67700,67600,67700,492,33290000,171969,227359
20240807,1139,67700,67800,67700,67700,589,39910000,172231,227686
20240807,1140,67800,67800,67700,67800,185,12530000,172308,227794
20240807,1141,67700,67800,67700,67800,494,33490000,172423,228173
20240807,1142,67800,67800,67700,67700,259,17550000,172503,228352
20240807,1143,67800,67800,67700,67700,1285,87010000,173643,228497
20240807,1144,67700,67800,67700,67700,441,29860000,173994,228587
20240807,1145,67800,67800,67700,67700,1238,83880000,174539,229280
20240807,1146,67700,67900,67700,67800,1465,99350000,174946,230338
20240807,1147,67800,67900,67800,67900,648,43970000,175253,230679
20240807,1148,67900,67900,67800,67900,629,42700000,175275,231286
20240807,1149,67800,67900,67800,67900,517,35080000,175566,231512
20240807,1150,67800,67900,67800,67900,626,42490000,175747,231957
20240807,1151,67800,68000,67800,68000,924,62720000,175895,232733
20240807,1152,68000,68000,67900,67900,365,24800000,176102,232891
20240807,1153,68000,68000,67800,68000,2727,185270000,177435,234285
20240807,1154,68000,68000,67800,67800,1425,96800000,178332,234813
20240807,1155,67900,67900,67800,67900,951,64490000,179129,234967
20240807,1156,67900,67900,67800,67800,985,66800000,180020,235061
20240807,1157,67800,67900,67800,67900,471,31940000,180412,235140
20240807,1158,67800,67900,67800,67800,802,54400000,180892,235462
20240807,1159,67700,67800,67700,67800,461,31240000,181071,235744
20240807,1200,67800,67800,67700,67800,462,31290000,181424,235853
20240807,1201,67700,67800,67700,67800,513,34740000,181840,235950
20240807,1202,67800,67800,67700,67800,444,30060000,182197,236037
20240807,1203,67700,67800,67700,67700,862,58400000,182706,236390
20240807,1204,67700,67800,67700,67800,401,27180000,182779,236718
20240807,1205,67800,67800,67700,67800,265,17950000,182965,236797
20240807,1206,67800,67800,67700,67700,161,10910000,183026,236897
20240807,1207,67700,67800,67600,67600,1953,132200000,184829,237047
20240807,1208,67600,67700,67600,67700,368,24890000,185030,237214
20240807,1209,67700,67800,67600,67700,1072,72570000,185506,237810
20240807,1210,67700,67800,67700,67700,1295,87690000,186123,238488
20240807,1211,67700,67800,67700,67800,151,10220000,186217,238545
20240807,1212,67800,67800,67700,67700,722,48920000,186574,238910
20240807,1213,67800,67800,67700,67700,212,14360000,186734,238962
20240807,1214,67700,67800,67700,67700,97,6570000,186771,239022
20240807,1215,67700,67800,67700,67800,311,21070000,186898,239206
20240807,1216,67800,67900,67700,67800,2086,141510000,186946,241244
20240807,1217,67900,67900,67800,67800,453,30750000,186949,241694
20240807,1218,67900,67900,67800,67900,1031,70000000,187086,242588
20240807,1219,67900,68000,67900,67900,1560,105930000,188245,242989
20240807,1220,68000,68000,67900,67900,1021,69400000,188501,243754
20240807,1221,67900,68000,67900,67900,811,55130000,188687,244379
20240807,1222,68000,68000,67900,68000,541,36790000,188713,244894
20240807,1223,68000,68000,67900,67900,1839,124870000,190441,245005
20240807,1224,67900,68000,67900,67900,650,44140000,191036,245060
20240807,1225,68000,68000,67900,68000,490,33290000,191417,245169
20240807,1226,68000,68000,67900,68000,902,61330000,191448,246040
20240807,1227,68000,68000,67900,68000,794,53990000,191498,246784
20240807,1228,68000,68000,67900,68000,196,13320000,191573,246905
20240807,1229,68000,68000,67800,67800,3129,212450000,194660,246947
20240807,1230,67900,67900,67800,67800,733,49710000,195227,247113
20240807,1231,67900,67900,67800,67900,315,21380000,195389,247266
20240807,1232,67900,67900,67800,67900,1411,95800000,195430,248636
20240807,1233,67900,68000,67900,68000,1488,101050000,196440,249114
20240807,1234,68000,68000,67900,67900,554,37650000,196689,249419
20240807,1235,68000,68000,67900,68000,328,22300000,196716,249720
20240807,1236,67900,68000,67900,68000,255,17330000,196853,249838
20240807,1237,67900,68000,67900,67900,295,20050000,196950,250036
20240807,1238,67900,68000,67900,67900,357,24260000,197024,250319
20240807,1239,67900,68000,67900,68000,502,34130000,197145,250700
20240807,1240,68000,68000,67900,67900,1252,85050000,198036,251061
20240807,1241,67900,68200,67900,68100,3855,262260000,198068,254884
20240807,1242,68100,68200,68100,68200,907,61850000,198125,255734
20240807,1243,68200,68300,68100,68300,2526,172280000,198389,257996
20240807,1244,68300,68400,68200,68400,5347,365260000,198528,263204
20240807,1245,68400,68400,68100,68200,4280,292240000,202558,263454
20240807,1246,68200,68200,68100,68100,518,35310000,202749,263781
20240807,1247,68100,68200,68000,68000,3379,230060000,205757,264152
20240807,1248,68100,68100,68000,68100,965,65650000,206257,264617
20240807,1249,68100,68100,68000,68100,688,46800000,206796,264766
20240807,1250,68100,68100,68000,68000,670,45580000,207329,264903
20240807,1251,68000,68100,68000,68000,577,39290000,207358,265451
20240807,1252,68100,68100,68000,68000,758,51580000,207785,265782
20240807,1253,68100,68100,68000,68100,415,28240000,207919,266063
20240807,1254,68100,68200,68000,68200,595,40520000,207942,266635
20240807,1255,68100,68200,68100,68200,670,45680000,208077,267170
20240807,1256,68200,68200,68100,68200,1455,99230000,208139,268563
20240807,1257,68200,68300,68100,68200,1562,106530000,209391,268873
20240807,1258,68200,68200,68100,68100,1016,69200000,210318,268962
20240807,1259,68100,68100,68000,68100,1221,83140000,211376,269125
20240807,1300,68100,68100,68000,68100,786,53460000,212088,269199
20240807,1301,68100,68100,68000,68100,1085,73880000,212167,270205
20240807,1302,68100,68100,68000,68100,287,19540000,212218,270441
20240807,1303,68100,68100,68000,68100,1157,78740000,212730,271086
20240807,1304,68100,68200,68000,68100,2321,158060000,213789,272348
20240807,1305,68200,68200,68100,68200,1133,77240000,214143,273127
20240807,1306,68100,68200,68100,68200,648,44140000,214710,273208
20240807,1307,68200,68200,68100,68200,763,52030000,214759,273922
20240807,1308,68200,68200,68100,68100,1307,89130000,214786,275202
20240807,1309,68200,68300,68100,68300,927,63250000,214936,275979
20240807,1310,68300,68300,68200,68200,528,36040000,215184,276259
20240807,1311,68200,68300,68200,68300,630,43020000,215279,276794
20240807,1312,68300,68300,68200,68300,442,30180000,215312,277203
20240807,1313,68300,68300,68200,68300,666,45490000,215329,277852
20240807,1314,68300,68400,68300,68400,2902,198410000,215611,280472
20240807,1315,68400,68400,68300,68400,684,46780000,215626,281141
20240807,1316,68400,68400,68300,68400,1528,104490000,215876,282419
20240807,1317,68400,68500,68400,68500,1365,93400000,216068,283592
20240807,1318,68500,68500,68300,68400,1794,122730000,217643,283811
20240807,1319,68400,68500,68300,68500,1254,85840000,217768,284940
20240807,1320,68400,68500,68400,68500,3079,210870000,218155,287632
20240807,1321,68500,68500,68400,68500,428,29300000,218406,287809
20240807,1322,68400,68500,68400,68500,3005,205830000,218439,290781
20240807,1323,68500,68600,68400,68500,1593,109190000,218594,292219
20240807,1324,68600,68600,68500,68500,1374,94220000,219006,293181
20240807,1325,68600,68600,68400,68500,3178,217730000,221246,294119
20240807,1326,68400,68500,68400,68500,527,36070000,221595,294297
20240807,1327,68500,68500,68400,68500,313,21430000,221710,294495
20240807,1328,68400,68500,68400,68500,510,34920000,221883,294832
20240807,1329,68500,68500,68400,68500,1298,88890000,222031,295982
20240807,1330,68400,68500,68400,68500,619,42390000,222144,296488
20240807,1331,68500,68500,68400,68500,636,43550000,222322,296946
20240807,1332,68500,68500,68400,68400,1253,85810000,222500,298021
20240807,1333,68500,68600,68500,68600,967,66290000,222635,298853
20240807,1334,68600,68700,68500,68600,1395,95700000,222756,300127
20240807,1335,68600,68800,68600,68700,2575,176900000,222930,302528
20240807,1336,68700,68800,68600,68700,2754,189220000,225225,302987
20240807,1337,68700,68700,68600,68700,869,59670000,225568,303513
20240807,1338,68600,68700,68500,68500,2604,178670000,227741,303944
20240807,1339,68500,68600,68500,68600,1824,124970000,229223,304286
20240807,1340,68600,68700,68500,68600,1241,85090000,229720,305030
20240807,1341,68600,68700,68600,68700,1369,93980000,230440,305679
20240807,1342,68700,68700,68600,68700,902,61960000,230484,306537
20240807,1343,68700,68800,68600,68800,1200,82480000,230654,307567
20240807,1344,68800,68900,68700,68900,2887,198680000,230782,310326
20240807,1345,68900,68900,68800,68900,3528,243060000,230964,313672
20240807,1346,68900,69000,68900,69000,1836,126650000,231146,315326
20240807,1347,69000,69000,68900,69000,1616,111450000,231703,316385
20240807,1348,69000,69000,68900,68900,3309,228090000,233991,317406
20240807,1349,68900,68900,68700,68700,2114,145460000,235730,317781
20240807,1350,68800,68800,68600,68700,2791,191560000,238241,318061
20240807,1351,68600,68800,68600,68700,1211,83180000,238767,318746
20240807,1352,68700,68800,68600,68800,858,58920000,239013,319358
20240807,1353,68800,68800,68700,68800,525,36100000,239198,319698
20240807,1354,68800,68800,68700,68700,518,35630000,239331,320083
20240807,1355,68800,68800,68700,68800,736,50620000,239493,320657
20240807,1356,68800,68800,68700,68800,1171,80510000,239985,321336
20240807,1357,68800,68800,68600,68700,3137,215530000,242706,321752
20240807,1358,68700,68700,68500,68500,3524,241820000,245451,322531
20240807,1359,68600,68700,68600,68700,921,63230000,245838,323065
20240807,1400,68700,68700,68600,68600,489,33590000,245869,323523
20240807,1401,68600,68800,68600,68700,1408,96730000,246013,324787
20240807,1402,68700,68700,68600,68700,489,33590000,246074,325215
20240807,1403,68700,68700,68600,68600,1683,115500000,247260,325712
20240807,1404,68700,68700,68600,68600,1015,69670000,247902,326085
20240807,1405,68600,68700,68600,68700,265,18200000,247952,326300
20240807,1406,68700,68700,68600,68700,1118,76790000,248061,327309
20240807,1407,68700,68800,68700,68700,683,46970000,248141,327912
20240807,1408,68800,68800,68700,68800,769,52900000,248189,328633
20240807,1409,68800,68800,68700,68700,1150,79100000,248400,329572
20240807,1410,68800,68800,68700,68800,562,38660000,248457,330077
20240807,1411,68700,68900,68700,68900,3625,249520000,249588,332571
20240807,1412,68900,68900,68800,68900,2584,177880000,251190,333553
20240807,1413,68900,68900,68800,68800,1131,77870000,251733,334141
20240807,1414,68900,68900,68800,68900,760,52350000,251862,334772
20240807,1415,68900,68900,68800,68900,685,47170000,252130,335189
20240807,1416,68800,68900,68800,68900,576,39680000,252246,335649
20240807,1417,68900,68900,68800,68800,894,61580000,252344,336445
20240807,1418,68900,69000,68800,69000,3108,214130000,253513,338384
20240807,1419,68900,69000,68800,68900,2544,175290000,254390,340051
20240807,1420,68900,69000,68800,69000,928,63980000,254539,340830
20240807,1421,68900,69000,68900,69000,592,40830000,254751,341210
20240807,1422,69000,69000,68900,69000,1180,81410000,254864,342277
20240807,1423,69000,69000,68900,69000,3933,271340000,255241,345833
20240807,1424,69000,69100,68900,69100,4410,304600000,255673,349811
20240807,1425,69100,69200,69000,69100,2506,173150000,256204,351786
20240807,1426,69100,69200,69000,69100,2198,152050000,256483,353705
20240807,1427,69200,69300,69100,69200,5577,385750000,258616,357149
20240807,1428,69100,69300,69100,69200,1469,101680000,258984,358250
20240807,1429,69200,69200,69100,69200,1682,116390000,259021,359895
20240807,1430,69200,69200,68900,68900,6097,421220000,263635,361378
20240807,1431,68900,69100,68900,69000,1086,74920000,264165,361934
20240807,1432,69000,69100,68900,69000,1192,82260000,264751,362540
20240807,1433,69000,69000,68800,68900,3397,234060000,267525,363163
20240807,1434,68800,69000,68800,68900,1626,111980000,268325,363989
20240807,1435,68900,69000,68900,68900,998,68790000,269025,364287
20240807,1436,68900,69000,68600,68700,4443,305640000,273149,364606
20240807,1437,68700,68700,68400,68400,3631,248670000,276161,365225
20240807,1438,68500,68500,68300,68400,2093,143190000,277660,365819
20240807,1439,68300,68500,67800,67900,7483,509100000,283355,367607
20240807,1440,68000,68200,67900,68200,3351,228060000,284746,369567
20240807,1441,68200,68200,67800,67900,4486,305000000,287493,371306
20240807,1442,67900,68000,67700,67900,5119,347280000,289423,374495
20240807,1443,67900,68100,67900,68000,2607,177300000,290354,376171
20240807,1444,68100,68300,68000,68200,1794,122220000,290895,377424
20240807,1445,68300,68500,68200,68200,2313,158070000,291757,378875
20240807,1446,68300,68500,68100,68200,2821,192700000,293811,379642
20240807,1447,68200,68300,67700,67800,3133,213080000,296309,380277
20240807,1448,67800,67900,67500,67600,4048,273850000,299500,381134
20240807,1449,67600,67600,67400,67600,3680,248420000,302132,382182
20240807,1450,67600,68100,67500,67900,2556,173550000,302672,384198
20240807,1451,67800,67900,67800,67900,1374,93250000,303560,384684
20240807,1452,67900,68000,67600,67900,2656,179970000,304791,386109
20240807,1453,68000,68000,67800,67800,1211,82180000,305470,386641
20240807,1454,67800,67900,67400,67600,3291,222330000,307587,387815
20240807,1455,67600,67800,67600,67700,629,42580000,307845,388186
20240807,1456,67700,67900,67600,67900,883,59810000,308123,388791
20240807,1457,67900,67900,67800,67800,622,42210000,308339,389197
20240807,1458,67900,68000,67800,67800,1335,90640000,308898,389973
20240807,1459,67900,68000,67700,67800,2073,140640000,310504,390440
20240807,1500,67900,68200,67800,68200,2191,148910000,310753,392382
20240807,1501,68200,68300,68100,68100,2410,164290000,311982,393563
20240807,1502,68200,68400,68100,68300,1571,107260000,312065,395051
20240807,1503,68300,68500,68200,68400,2694,184180000,313265,396545
20240807,1504,68400,68500,68300,68500,4427,303060000,313715,400522
20240807,1505,68500,68600,68300,68500,2455,168170000,315162,401530
20240807,1506,68500,68500,68300,68400,1524,104280000,315964,402252
20240807,1507,68400,68400,68300,68400,755,51640000,316049,402922
20240807,1508,68400,68600,68400,68600,2752,188460000,317537,404186
20240807,1509,68600,68600,68500,68600,953,65370000,317603,405073
20240807,1510,68500,68600,68300,68500,1878,128570000,318843,405711
20240807,1511,68500,68500,68200,68300,1749,119600000,320350,405953
20240807,1512,68300,68300,68100,68200,905,61710000,320957,406251
20240807,1513,68200,68200,67900,68100,1062,72270000,321815,406455
20240807,1514,68000,68200,67900,68200,442,30090000,322042,406670
20240807,1515,68200,68200,68000,68100,591,40250000,322259,407044
20240807,1516,68100,68200,68000,68200,644,43860000,322554,407393
20240807,1517,68200,68200,67900,68000,647,44030000,322890,407704
20240807,1518,68000,68000,67600,67600,1801,122060000,324530,407865
20240807,1519,67700,68100,67500,67900,1387,94060000,324808,408974
20240807,1520,67900,68200,67800,67800,1930,131140000,326351,409361
20240807,1530,68500,68500,68500,68500,8629,591090000,326351,417990
20240808,901,67600,67700,67300,67500,8981,606780000,3940,5041
20240808,902,67600,68000,67600,68000,5716,387290000,6527,8170
20240808,903,67900,67900,67500,67600,5844,395420000,11456,9085
20240808,904,67500,68400,67500,68400,5111,347120000,13648,12004
20240808,905,68300,68400,67900,68000,5327,362580000,17950,13029
20240808,906,68100,68900,67900,68500,12629,864910000,21262,22346
20240808,907,68500,69300,68400,68700,20226,1393520000,30953,32881
20240808,908,68700,69000,68200,68500,8519,583350000,35164,37189
20240808,909,68500,69000,68500,68600,3551,244400000,37040,38864
20240808,910,68600,68700,68500,68500,1912,131160000,38453,39363
20240808,911,68600,68600,68200,68200,5430,371030000,43293,39953
20240808,912,68200,68800,68200,68600,3409,233700000,43891,42764
20240808,913,68600,68700,68500,68600,2395,164320000,45278,43772
20240808,914,68500,68600,68400,68500,2271,155510000,46399,44922
20240808,915,68400,68700,68400,68500,2837,194380000,47214,46944
20240808,916,68700,69100,68500,68900,5095,351040000,47825,51428
20240808,917,68900,69000,68800,69000,2306,158930000,48648,52911
20240808,918,68900,69100,68900,69000,4191,289290000,49354,56396
20240808,919,69000,69100,68500,68600,4392,302290000,51940,58202
20240808,920,68600,68700,68300,68600,4949,338660000,54845,60246
20240808,921,68500,68800,68500,68800,3861,265130000,55813,63139
20240808,922,68800,68900,68700,68800,2109,145150000,56651,64410
20240808,923,68700,69000,68700,68900,1704,117390000,56974,65791
20240808,924,68900,68900,68700,68800,2248,154690000,58322,66691
20240808,925,68800,68900,68600,68700,1506,103540000,59134,67385
20240808,926,68700,68900,68600,68800,2609,179510000,59509,69619
20240808,927,68700,68900,68600,68800,1354,93080000,60021,70461
20240808,928,68700,68900,68600,68900,1760,120990000,60540,71702
20240808,929,68800,68900,68800,68900,1847,127150000,60980,73109
20240808,930,68900,68900,68700,68900,1613,111030000,61641,74061
20240808,931,68900,68900,68800,68900,2252,155020000,62399,75555
20240808,932,68800,68900,68800,68900,1522,104760000,63172,76304
20240808,933,68900,68900,68600,68800,2066,142120000,64411,77131
20240808,934,68800,68800,68400,68700,3671,251640000,67121,78092
20240808,935,68500,68800,68500,68700,2120,145420000,68412,78921
20240808,936,68700,68800,68500,68700,1790,122800000,69464,79659
20240808,937,68700,68800,68500,68600,1907,130860000,70176,80854
20240808,938,68700,68700,68400,68600,2446,167660000,71671,81805
20240808,939,68700,68800,68500,68700,3743,256840000,73678,83541
20240808,940,68600,68700,68300,68400,3425,234520000,76534,84110
20240808,941,68400,68600,68300,68400,1510,103270000,77276,84878
20240808,942,68400,68600,68300,68500,2477,169380000,78498,86133
20240808,943,68500,68500,68300,68400,2341,160050000,80249,86723
20240808,944,68300,68400,67800,67900,12356,840950000,91398,87930
20240808,945,67800,68400,67800,68300,3109,211460000,92511,89926
20240808,946,68300,68300,67900,67900,2725,185530000,94719,90443
20240808,947,67900,68400,67800,68300,2308,157090000,95709,91761
20240808,948,68300,68300,67800,68200,2398,163060000,97654,92214
20240808,949,68200,68300,68000,68200,1549,105510000,98234,93183
20240808,950,68200,68300,67800,67900,3749,254960000,101138,94028
20240808,951,68000,68200,67800,67900,2467,167650000,102226,95407
20240808,952,67900,68200,67900,68200,2033,138330000,102728,96938
20240808,953,68200,68300,68000,68300,1670,113920000,103318,98018
20240808,954,68300,68400,68100,68400,1120,76500000,103627,98829
20240808,955,68400,68500,68200,68400,1876,128170000,104393,99939
20240808,956,68400,68400,68100,68300,1595,108800000,105507,100420
20240808,957,68400,68700,68200,68700,3704,253790000,105970,103661
20240808,958,68700,68700,68300,68700,2437,166920000,107337,104731
20240808,959,68700,68700,68300,68500,1583,108450000,108196,105455
20240808,1000,68700,68700,68500,68600,1136,77960000,108739,106048
20240808,1001,68600,68800,68500,68700,1303,89470000,109315,106775
20240808,1002,68800,68800,68600,68800,1063,73040000,109907,107246
20240808,1003,68800,69000,68600,68900,4204,289270000,110666,110691
20240808,1004,68900,69000,68800,68900,2202,151740000,111245,112314
20240808,1005,68900,69100,68800,69000,6740,465020000,111435,118864
20240808,1006,69100,69500,69100,69400,10689,740670000,113979,127009
20240808,1007,69400,69800,69300,69800,7441,517290000,114536,133893
20240808,1008,69800,70400,69700,70000,30394,2130070000,123437,155386
20240808,1009,70100,70200,69700,69800,9845,688150000,129758,158910
20240808,1010,69900,70200,69800,70100,9563,670140000,133836,164395
20240808,1011,70100,70200,69800,70000,6872,481000000,138767,166336
20240808,1012,70000,70000,69700,69800,4601,321740000,141204,168500
20240808,1013,69700,69700,69400,69400,5969,415060000,146350,169323
20240808,1014,69400,69600,69300,69300,2903,201480000,148988,169588
20240808,1015,69400,69400,69100,69200,4115,284850000,152965,169726
20240808,1016,69200,69300,68900,69000,6140,423850000,158059,170772
20240808,1017,69000,69100,69000,69100,943,65080000,158928,170846
20240808,1018,69000,69100,68900,68900,2310,159400000,160883,171201
20240808,1019,69000,69100,68900,69100,559,38570000,161353,171290
20240808,1020,69000,69400,68900,69000,1905,131570000,162107,172441
20240808,1021,69000,69100,68900,68900,2183,150520000,164166,172565
20240808,1022,68800,68900,68600,68700,2765,190090000,166712,172784
20240808,1023,68700,68700,68500,68500,4760,326470000,171201,173055
20240808,1024,68500,68800,68500,68600,2488,170740000,173003,173741
20240808,1025,68600,68700,68500,68600,672,46120000,173544,173872
20240808,1026,68700,68800,68600,68700,458,31460000,173749,174125
20240808,1027,68700,68800,68700,68700,747,51380000,174198,174423
20240808,1028,68700,68800,68300,68500,7528,515840000,181313,174836
20240808,1029,68500,68600,68400,68500,1589,108760000,182380,175358
20240808,1030,68500,68600,68400,68500,779,53350000,182874,175643
20240808,1031,68500,68600,68400,68500,1043,71440000,183793,175767
20240808,1032,68500,69400,68500,68900,3350,230760000,184809,178101
20240808,1033,68800,68900,68600,68600,671,46100000,185447,178134
20240808,1034,68600,68700,68500,68600,851,58380000,186185,178247
20240808,1035,68600,68800,68600,68600,1115,76570000,186892,178655
20240808,1036,68700,68700,68500,68600,1178,80820000,188035,178690
20240808,1037,68700,68700,68500,68500,559,38350000,188549,178735
20240808,1038,68500,68600,68500,68500,778,53290000,189325,178737
20240808,1039,68500,68600,68500,68600,1063,72870000,190005,179120
20240808,1040,68600,68800,68600,68800,687,47200000,190399,179413
20240808,1041,68700,68800,68600,68600,960,65910000,191352,179420
20240808,1042,68700,68700,68500,68600,933,64010000,192106,179599
20240808,1043,68600,68700,68500,68700,368,25250000,192392,179681
20240808,1044,68700,68800,68600,68700,530,36380000,192850,179753
20240808,1045,68700,68700,68600,68600,250,17150000,193013,179840
20240808,1046,68600,68700,68500,68500,2557,175230000,195529,179881
20240808,1047,68500,68700,68500,68700,863,59200000,196295,179978
20240808,1048,68700,68800,68700,68700,208,14290000,196461,180020
20240808,1049,68700,68800,68700,68700,300,20610000,196756,180025
20240808,1050,68700,68800,68700,68700,278,19110000,196995,180064
20240808,1051,68700,68800,68700,68700,801,55100000,197229,180631
20240808,1052,68700,68800,68700,68800,391,26890000,197346,180905
20240808,1053,68700,68800,68700,68800,761,52300000,197896,181116
20240808,1054,68800,68900,68700,68700,1392,95800000,198128,182276
20240808,1055,68700,68900,68700,68800,276,18980000,198334,182346
20240808,1056,68900,69100,68900,69000,1352,93250000,198550,183482
20240808,1057,68900,69200,68900,69100,968,66870000,198834,184166
20240808,1058,69200,69200,69000,69000,640,44200000,199451,184189
20240808,1059,69000,69100,68800,68800,2960,204300000,202164,184436
20240808,1100,68800,68900,68800,68800,872,60000000,202969,184503
20240808,1101,68900,69000,68800,68900,775,53400000,203651,184596
20240808,1102,68900,68900,68800,68800,406,27960000,203833,184820
20240808,1103,68800,69000,68800,69000,549,37820000,204134,185068
20240808,1104,68900,69300,68900,69100,1918,132650000,204494,186626
20240808,1105,69200,69300,69100,69200,749,51790000,205069,186800
20240808,1106,69100,69300,69000,69200,1052,72720000,205823,187098
20240808,1107,69300,69300,69100,69200,378,26140000,206056,187243
20240808,1108,69100,69200,69000,69200,346,23900000,206390,187255
20240808,1109,69200,69200,69000,69100,446,30830000,206567,187524
20240808,1110,69100,69200,68900,69000,725,50040000,207244,187572
20240808,1111,69000,69000,68900,68900,391,26950000,207575,187632
20240808,1112,68900,69000,68900,69000,786,54160000,208233,187760
20240808,1113,68900,69000,68900,69000,342,23580000,208413,187922
20240808,1114,68900,69000,68900,68900,267,18420000,208536,188066
20240808,1115,68900,69100,68900,69100,416,28700000,208722,188296
20240808,1116,69100,69200,69000,69200,856,59160000,208857,189017
20240808,1117,69200,69300,69200,69200,573,39660000,209312,189135
20240808,1118,69200,69300,69100,69200,342,23660000,209465,189324
20240808,1119,69200,69300,69100,69300,868,60030000,210041,189616
20240808,1120,69300,69400,69200,69300,2423,167910000,211968,190112
20240808,1121,69300,69300,69200,69200,282,19520000,212140,190222
20240808,1122,69300,69400,69200,69300,325,22520000,212229,190458
20240808,1123,69300,69400,69200,69300,522,36170000,212475,190734
20240808,1124,69300,69500,69300,69400,1922,133380000,212760,192371
20240808,1125,69400,69400,69300,69300,970,67240000,213521,192580
20240808,1126,69300,69400,69300,69300,721,49980000,214167,192655
20240808,1127,69200,69400,69200,69400,357,24750000,214317,192862
20240808,1128,69400,69400,69300,69300,813,56370000,214851,193141
20240808,1129,69300,69300,69100,69200,1911,132220000,216622,193281
20240808,1130,69200,69300,69200,69200,548,37930000,217064,193387
20240808,1131,69200,69200,69100,69200,892,61660000,217828,193515
20240808,1132,69200,69200,69100,69100,570,39430000,218237,193676
20240808,1133,69100,69200,69100,69100,446,30830000,218602,193757
20240808,1134,69100,69200,69100,69200,311,21500000,218780,193890
20240808,1135,69200,69200,69100,69200,140,9680000,218892,193918
20240808,1136,69200,69200,69100,69200,446,30850000,219007,194249
20240808,1137,69200,69300,69100,69200,966,66860000,219376,194846
20240808,1138,69200,69300,69100,69100,745,51530000,219952,195015
20240808,1139,69100,69200,69100,69100,287,19840000,220132,195122
20240808,1140,69100,69200,69100,69100,202,13970000,220222,195234
20240808,1141,69100,69200,69100,69200,372,25720000,220467,195361
20240808,1142,69200,69300,69100,69200,724,50090000,220824,195728
20240808,1143,69200,69300,69200,69300,392,27130000,220936,196008
20240808,1144,69200,69300,69200,69200,814,56340000,221639,196119
20240808,1145,69200,69300,69200,69300,1313,90920000,222397,196674
20240808,1146,69400,69400,69300,69400,270,18710000,222599,196742
20240808,1147,69400,69400,69200,69300,782,54240000,222946,197177
20240808,1148,69300,69400,69300,69400,460,31890000,223284,197299
20240808,1149,69300,69400,69300,69400,447,30980000,223701,197329
20240808,1150,69300,69400,69200,69200,844,58460000,224443,197431
20240808,1151,69200,69400,69200,69200,824,57050000,225006,197692
20240808,1152,69200,69400,69200,69300,1231,85300000,225813,198116
20240808,1153,69300,69400,69200,69300,955,66180000,226652,198232
20240808,1154,69300,69400,69200,69400,1266,87640000,227834,198316
20240808,1155,69300,69400,69300,69300,454,31480000,228117,198487
20240808,1156,69300,69400,69200,69300,595,41230000,228486,198713
20240808,1157,69300,69400,69200,69300,836,57910000,229099,198936
20240808,1158,69300,69300,69200,69300,247,17110000,229178,199104
20240808,1159,69200,69400,69200,69300,373,25840000,229458,199197
20240808,1200,69300,69400,69300,69300,237,16440000,229611,199281
20240808,1201,69400,69500,69400,69400,1879,130410000,230282,200489
20240808,1202,69400,69500,69400,69500,729,50610000,230824,200676
20240808,1203,69500,69500,69300,69400,1424,98780000,232047,200877
20240808,1204,69400,69500,69300,69500,651,45180000,232509,201066
20240808,1205,69400,69600,69400,69600,3219,223820000,233389,203405
20240808,1206,69600,69800,69600,69700,2763,192550000,233676,205881
20240808,1207,69800,69800,69700,69800,1070,74630000,234224,206403
20240808,1208,69800,69800,69700,69800,3062,213700000,234466,209223
20240808,1209,69800,69900,69800,69900,2248,157060000,235187,210750
20240808,1210,69900,70200,69800,70100,11136,779300000,236103,220970
20240808,1211,70100,70300,70000,70100,9813,688670000,239605,227281
20240808,1212,70100,70100,69900,70000,2025,141790000,240633,228278
20240808,1213,70000,70000,69900,70000,1396,97650000,241375,228932
20240808,1214,70000,70100,69900,70000,2203,154200000,242255,230255
20240808,1215,70000,70000,69900,69900,1426,99700000,243478,230458
20240808,1216,69900,69900,69700,69800,3244,226420000,245916,231264
20240808,1217,69800,70000,69800,70000,459,32080000,246067,231572
20240808,1218,70000,70000,69800,69900,636,44460000,246370,231905
20240808,1219,70000,70000,69800,69900,442,30900000,246615,232102
20240808,1220,69800,70000,69800,69900,751,52490000,246785,232683
20240808,1221,69900,69900,69800,69800,1635,114160000,248155,232948
20240808,1222,69800,69900,69600,69700,2809,195810000,250477,233435
20240808,1223,69600,69700,69600,69700,564,39270000,250927,233549
20240808,1224,69700,69900,69600,69800,1098,76570000,251170,234404
20240808,1225,69900,70000,69800,69900,1447,101140000,251512,235509
20240808,1226,69900,70000,69800,69800,546,38170000,251922,235645
20240808,1227,69900,69900,69800,69800,1002,69950000,252626,235943
20240808,1228,69800,69900,69700,69900,1255,87600000,253584,236240
20240808,1229,69900,69900,69800,69900,323,22560000,253703,236444
20240808,1230,69800,69900,69800,69900,521,36380000,254075,236593
20240808,1231,69800,69900,69700,69800,402,28050000,254310,236760
20240808,1232,69900,69900,69800,69800,1238,86470000,254669,237639
20240808,1233,69800,70000,69800,70000,1049,73310000,254824,238533
20240808,1234,69900,70000,69900,69900,1205,84330000,255037,239525
20240808,1235,69900,70000,69900,69900,2295,160590000,255650,241207
20240808,1236,70000,70000,69800,69800,894,62520000,256018,241733
20240808,1237,69800,70000,69800,69900,987,69010000,256212,242526
20240808,1238,70000,70000,69800,70000,1860,130020000,257464,243134
20240808,1239,70000,70200,69900,70200,6219,435590000,258008,248809
20240808,1240,70200,70300,70100,70300,4902,343890000,260479,251240
20240808,1241,70200,70300,70100,70200,3321,233120000,262263,252777
20240808,1242,70200,70200,70000,70000,3063,214700000,264486,253617
20240808,1243,70000,70100,69900,70000,1263,88400000,265297,254069
20240808,1244,69900,70100,69900,70100,1474,103150000,265722,255118
20240808,1245,70000,70100,69900,70100,1080,75600000,265956,255964
20240808,1246,70000,70100,69900,70000,1222,85530000,266324,256818
20240808,1247,69900,70000,69900,70000,1644,114970000,267413,257373
20240808,1248,69900,70100,69900,70100,1211,84750000,267587,258410
20240808,1249,70000,70100,70000,70100,1068,74840000,267926,259139
20240808,1250,70100,70100,70000,70100,632,44270000,268166,259531
20240808,1251,70000,70200,70000,70100,3564,249850000,268872,262389
20240808,1252,70100,70100,70000,70100,518,36270000,269273,262506
20240808,1253,70100,70200,70000,70100,1290,90410000,269833,263236
20240808,1254,70200,70200,70000,70100,1758,123120000,271124,263703
20240808,1255,70000,70100,69900,70100,678,47490000,271371,264134
20240808,1256,70100,70100,70000,70100,1668,116910000,271538,265635
20240808,1257,70100,70200,70000,70200,1688,118450000,271808,267053
20240808,1258,70100,70200,70000,70000,1555,108980000,272836,267580
20240808,1259,70100,70100,70000,70100,1571,110080000,273281,268706
20240808,1300,70100,70200,70000,70000,1534,107490000,273950,269571
20240808,1301,70100,70100,69900,70000,1361,95290000,274963,269919
20240808,1302,70000,70000,69800,69800,2475,173040000,276882,270475
20240808,1303,69900,69900,69400,69600,4198,292130000,279863,271692
20240808,1304,69500,70000,69400,70000,2197,153010000,280927,272825
20240808,1305,69900,70100,69900,70000,881,61670000,281455,273178
20240808,1306,70000,70000,69800,69800,949,66310000,282084,273498
20240808,1307,69900,70000,69800,70000,631,44120000,282390,273823
20240808,1308,69900,70000,69800,69900,1141,79750000,283128,274226
20240808,1309,69900,69900,69700,69900,1550,108190000,283917,274987
20240808,1310,69800,70000,69700,70000,2064,144220000,284242,276726
20240808,1311,70000,70000,69800,69900,896,62620000,284385,277479
20240808,1312,69900,69900,69700,69700,1427,99610000,285090,278201
20240808,1313,69800,69800,69600,69800,1394,97180000,286067,278618
20240808,1314,69700,69800,69600,69800,625,43600000,286223,279087
20240808,1315,69800,69900,69700,69800,1738,121360000,286800,280248
20240808,1316,69800,69900,69700,69900,548,38270000,287075,280521
20240808,1317,69900,69900,69800,69900,465,32490000,287231,280830
20240808,1318,69900,69900,69700,69900,1081,75460000,287618,281524
20240808,1319,69800,69900,69600,69800,1466,102240000,288394,282214
20240808,1320,69800,69900,69700,69800,475,33160000,288507,282576
20240808,1321,69700,69900,69700,69900,961,67080000,288741,283303
20240808,1322,69800,69900,69800,69900,528,36890000,288906,283666
20240808,1323,69800,69900,69800,69900,1775,124040000,289245,285102
20240808,1324,69900,69900,69800,69900,791,55270000,289454,285684
20240808,1325,69800,69900,69600,69900,1716,119770000,290373,286481
20240808,1326,69900,69900,69600,69900,1435,100040000,291541,286748
20240808,1327,69900,70000,69800,70000,901,63010000,291667,287523
20240808,1328,69900,70000,69900,70000,858,60020000,292079,287969
20240808,1329,70000,70100,69900,70100,2616,183110000,292144,290520
20240808,1330,70100,70200,70000,70200,3036,212810000,292886,292814
20240808,1331,70200,70200,70000,70100,1972,138320000,293752,293920
20240808,1332,70100,70100,69900,70000,1831,128200000,294885,294618
20240808,1333,70000,70200,70000,70000,1225,85870000,295460,295268
20240808,1334,70100,70200,70000,70200,1352,94830000,296185,295895
20240808,1335,70100,70200,70100,70100,731,51300000,296374,296437
20240808,1336,70100,70200,70100,70100,985,69110000,296743,297053
20240808,1337,70200,70200,70100,70200,867,60830000,297091,297572
20240808,1338,70100,70200,69900,70000,1824,127760000,298553,297934
20240808,1339,69900,70000,69900,69900,868,60700000,299091,298264
20240808,1340,70000,70100,69900,70100,1515,106030000,299895,298975
20240808,1341,70100,70200,70000,70100,1436,100640000,300856,299450
20240808,1342,70000,70200,70000,70000,969,67940000,301255,300020
20240808,1343,70000,70200,70000,70100,1248,87470000,301541,300982
20240808,1344,70100,70100,69800,70000,1935,135320000,303293,301165
20240808,1345,70000,70100,69900,69900,1059,74100000,304031,301486
20240808,1346,70000,70100,69900,69900,1281,89620000,304622,302176
20240808,1347,69900,70000,69800,69900,965,67470000,304658,303105
20240808,1348,69900,70000,69900,70000,1229,86000000,304936,304056
20240808,1349,70000,70100,69900,70100,1502,105160000,305236,305258
20240808,1350,70000,70100,69900,70100,1471,103030000,305612,306353
20240808,1351,70000,70200,69900,70100,1844,129160000,306379,307430
20240808,1352,70100,70200,70000,70100,1184,83040000,306605,308388
20240808,1353,70000,70100,70000,70100,2044,143180000,307531,309506
20240808,1354,70100,70100,69900,70000,1124,78720000,308154,310007
20240808,1355,70000,70100,70000,70100,950,66580000,308281,310830
20240808,1356,70100,70200,70000,70100,1661,116450000,308435,312337
20240808,1357,70200,70300,70000,70200,3423,240180000,309159,315036
20240808,1358,70100,70300,70100,70300,2643,185680000,310012,316826
20240808,1359,70300,70300,70100,70300,3328,233740000,311798,318368
20240808,1400,70300,70300,70100,70200,1646,115570000,311976,319836
20240808,1401,70200,70300,70100,70300,1682,118140000,312600,320894
20240808,1402,70300,70300,70100,70300,2195,154120000,313499,322190
20240808,1403,70300,70300,70100,70200,2493,175030000,314690,323492
20240808,1404,70100,70300,70100,70300,2158,151500000,315639,324701
20240808,1405,70300,70300,70200,70300,1723,121080000,316108,325955
20240808,1406,70300,70800,70200,70700,20498,1445050000,318004,344557
20240808,1407,70800,70900,70600,70900,14358,1016400000,323825,353094
20240808,1408,70900,71900,70700,71600,65943,4703350000,336261,406601
20240808,1409,71600,72000,71400,71400,18071,1295130000,343473,417460
20240808,1410,71400,72100,71400,71800,38156,2741360000,351405,447684
20240808,1411,71800,71800,71400,71400,9345,669140000,358282,450152
20240808,1412,71400,71600,71100,71100,11595,827370000,366076,453953
20240808,1413,71100,71800,71100,71700,8559,612540000,368890,459698
20240808,1414,71700,71800,71200,71200,8260,590680000,375083,461765
20240808,1415,71300,71600,71200,71400,4844,345790000,377506,464186
20240808,1416,71300,71400,71200,71400,4126,294140000,380228,465590
20240808,1417,71300,71600,71300,71600,2781,198690000,380840,467759
20240808,1418,71600,71600,71200,71400,4010,286300000,383413,469196
20240808,1419,71400,71500,71200,71300,2559,182580000,385194,469974
20240808,1420,71300,71400,71200,71300,4896,348880000,387944,472120
20240808,1421,71300,71500,71200,71300,1969,140550000,388717,473316
20240808,1422,71400,71400,71200,71400,3716,264970000,390826,474923
20240808,1423,71300,71400,71300,71300,2240,159780000,392329,475660
20240808,1424,71200,71600,71200,71400,6148,439070000,394279,479858
20240808,1425,71500,71700,71300,71600,3479,248890000,394931,482685
20240808,1426,71600,72000,71600,72000,10901,782910000,397085,491432
20240808,1427,72000,72000,71700,71800,6591,473690000,400904,494204
20240808,1428,71700,71900,71700,71800,4447,319120000,402738,496817
20240808,1429,71700,71800,71500,71600,3408,244000000,404883,498080
20240808,1430,71600,71700,71400,71500,3706,265310000,407169,499500
20240808,1431,71500,71800,71400,71800,3664,262090000,408633,501700
20240808,1432,71800,72000,71700,72000,5802,417130000,409735,506400
20240808,1433,72000,72600,71900,72300,28797,2081600000,415737,529195
20240808,1434,72300,72900,72200,72800,21860,1586960000,420895,545897
20240808,1435,72800,72900,72400,72600,12284,892510000,428581,550495
20240808,1436,72700,72700,72200,72300,8245,597040000,433298,554023
20240808,1437,72400,72700,72200,72600,9983,723640000,437612,559692
20240808,1438,72600,72800,72500,72700,6670,484690000,439504,564470
20240808,1439,72800,72800,72500,72600,6637,482400000,443964,566647
20240808,1440,72600,72700,72500,72700,4573,331810000,446138,569046
20240808,1441,72600,73300,72600,73200,24588,1795880000,451821,587951
20240808,1442,73300,74000,73200,74000,29735,2188410000,457071,612436
20240808,1443,73900,74300,73800,74300,48355,3582620000,471211,646651
20240808,1446,74300,74600,73900,74500,45830,3406740000,486403,677289
20240808,1447,74500,74500,73500,73700,25939,1918550000,505095,684536
20240808,1448,73600,74000,73600,73900,13772,1016810000,511815,691588
20240808,1449,73900,74000,73600,73800,7577,559320000,516537,694443
20240808,1450,73900,74500,73700,74500,16947,1256310000,520086,707841
20240808,1451,74400,74600,74100,74300,14663,1090690000,526949,715641
20240808,1452,74300,74800,74300,74300,25985,1939190000,532535,736040
20240808,1453,74400,74700,74300,74500,10453,778280000,537083,741945
20240808,1454,74400,74500,73700,74200,16985,1259220000,548968,747045
20240808,1455,74200,74500,73800,73900,10393,770680000,554800,751606
20240808,1456,73900,74000,73600,73600,9567,705980000,562526,753447
20240808,1457,73600,73900,73500,73900,12033,887170000,569386,758620
20240808,1458,73900,74200,73800,74200,6741,498890000,571535,763212
20240808,1459,74100,74200,73800,73800,6821,504670000,575846,765722
20240808,1500,73900,74000,73700,73900,6750,498390000,579794,768524
20240808,1501,73900,74200,73800,74100,8056,596630000,582369,774005
20240808,1502,74100,74600,74000,74400,15736,1170810000,584528,787582
20240808,1503,74500,74600,74300,74300,7408,551380000,587841,791677
20240808,1504,74300,74900,74300,74600,16012,1195410000,591279,804251
20240808,1505,74600,74700,74400,74500,7199,536570000,594051,808678
20240808,1506,74500,74600,73800,73800,10561,785050000,600603,812687
20240808,1507,73800,74300,73800,74300,5055,374550000,602696,815649
20240808,1508,74300,74300,73900,74000,6042,447680000,606562,817825
20240808,1509,74100,74100,73500,73800,11971,883310000,614530,821828
20240808,1510,73900,74100,73800,74100,6452,477010000,617265,825545
20240808,1511,74100,74300,74000,74300,9333,692110000,619246,832897
20240808,1512,74200,74700,74200,74600,13658,1017600000,622705,843096
20240808,1513,74500,74600,74300,74500,4830,359820000,625466,845165
20240808,1514,74500,74500,74100,74500,5744,427000000,627792,848583
20240808,1515,74500,74500,74300,74500,3496,260210000,629396,850475
20240808,1516,74500,74600,74300,74600,7840,584200000,632291,855420
20240808,1517,74600,74700,74200,74400,10072,750430000,637694,860089
20240808,1518,74400,74400,74100,74100,5363,398020000,641491,861655
20240808,1519,74200,74500,74100,74400,6987,518970000,644334,865799
20240808,1520,74500,74500,74000,74200,10855,806050000,652018,868970
20240808,1530,73900,73900,73900,73900,18405,1360130000,652018,887375
20240809,901,73800,74700,73800,74400,28030,2076700000,8569,19461
20240809,902,74200,76200,74200,75900,48905,3686200000,24541,52394
20240809,903,76000,78500,75500,78000,111646,8616740000,58147,130434
20240809,904,78000,78800,77500,77800,63019,4920480000,87127,164473
20240809,905,77800,78000,76500,77200,42316,3269040000,111852,182064
20240809,906,77100,77800,77100,77700,22576,1751040000,121274,195218
20240809,907,77600,78000,76500,77000,39770,3076500000,141505,214757
20240809,908,77000,77300,76300,76500,20952,1609340000,155572,221642
20240809,909,76600,76800,75800,76100,29397,2238860000,176312,230299
20240809,910,76100,77100,76100,76900,15620,1200150000,182736,239495
20240809,911,76900,77000,76000,76000,8697,665370000,189372,241556
20240809,912,76100,76100,75200,75200,23206,1753670000,206703,247431
20240809,913,75300,75300,74200,75100,26317,1970860000,228976,251475
20240809,914,74800,75100,74000,74500,23143,1721150000,245630,257964
20240809,915,74500,74900,74400,74500,7761,579090000,249401,261954
20240809,916,74600,75000,74400,74800,6530,488200000,252209,265676
20240809,917,74800,74900,74500,74600,6284,469420000,256675,267494
20240809,918,74600,74700,73500,73900,24726,1829920000,278725,270170
20240809,919,73900,74400,73800,74300,7134,528820000,281979,274050
20240809,920,74200,74400,73900,73900,7828,580310000,288612,275245
20240809,921,74000,74200,73800,74100,7137,527600000,294077,276917
20240809,922,74100,74600,74100,74400,7098,527990000,297409,280683
20240809,923,74400,74500,73900,74000,10671,791050000,307212,281551
20240809,924,74000,74200,74000,74200,3585,265440000,309943,282405
20240809,925,74100,74300,74100,74200,2471,183350000,311622,283197
20240809,926,74200,74300,73900,74000,4887,361930000,316159,283547
20240809,927,74000,74100,73300,73300,11403,840620000,327127,283982
20240809,928,73300,73800,73100,73600,12125,890130000,333445,289789
20240809,929,73700,73700,72600,72800,21060,1539140000,350869,293425
20240809,930,72700,73200,72700,72700,13915,1014610000,359776,298433
20240809,931,72700,72900,72400,72700,14348,1041590000,370863,301694
20240809,932,72600,73200,72600,73200,4628,337040000,372776,304409
20240809,933,73200,73200,72600,72600,6137,446510000,376618,306704
20240809,934,72700,72900,72700,72900,2098,152600000,378190,307230
20240809,935,72900,73000,72500,72600,4948,359770000,382475,307893
20240809,936,72500,72900,72500,72800,3358,243870000,385018,308708
20240809,937,72800,72900,72700,72700,1977,143940000,386512,309191
20240809,938,72800,72800,72600,72600,5695,413910000,390907,310491
20240809,939,72500,72500,71500,72000,36583,2632190000,416673,321308
20240809,940,72000,72200,71900,72000,6481,466890000,421127,323335
20240809,941,72000,72200,71800,72100,6896,496260000,425560,325798
20240809,942,72200,72300,72100,72300,2407,173760000,427109,326656
20240809,943,72300,72500,72100,72200,3617,261320000,429581,327801
20240809,944,72200,72200,71400,71900,11905,853580000,440098,329189
20240809,945,71900,72100,71600,72100,5887,422520000,442583,332591
20240809,946,71900,72000,71500,71500,3364,241330000,445251,333287
20240809,947,71500,71700,70400,71300,27913,1982400000,466293,340158
20240809,948,71200,71300,70900,70900,7164,509230000,470480,343135
20240809,949,71100,71200,70800,71100,5553,394360000,474063,345105
20240809,950,71200,71700,71100,71700,4908,350110000,476403,347673
20240809,951,71700,71700,71100,71200,4121,294270000,478915,349282
20240809,952,71300,71400,71100,71300,3755,267400000,481755,350197
20240809,953,71200,71900,71200,71800,5069,363140000,483814,353207
20240809,954,71800,72400,71800,72300,8227,593210000,486797,358451
20240809,955,72400,72500,72100,72400,6924,500820000,489479,362693
20240809,956,72500,72500,72100,72200,4831,349070000,492588,364415
20240809,957,72300,72600,72300,72600,4065,294470000,493773,367295
20240809,958,72600,73000,72500,73000,13694,996730000,496552,378210
20240809,959,72900,73200,72600,72900,12276,895690000,502448,384590
20240809,1000,72900,72900,72500,72800,4415,321200000,505443,386010
20240809,1001,72600,73000,72600,72900,3444,251090000,506046,388851
20240809,1002,73000,73200,72700,72800,11234,820180000,511436,394695
20240809,1003,72800,73100,72800,73100,1657,120850000,512180,395608
20240809,1004,73100,73100,72900,73000,2199,160600000,513472,396515
20240809,1005,72900,73000,72700,72800,4104,298680000,516889,397202
20240809,1006,72800,73000,72800,72800,2333,170050000,518592,397832
20240809,1007,72800,73400,72800,73200,4881,356960000,519559,401746
20240809,1008,73300,73700,73200,73300,11352,834400000,525402,407255
20240809,1009,73300,73500,73300,73500,3552,260760000,526666,409543
20240809,1010,73400,73800,73300,73700,7525,554030000,528395,415339
20240809,1011,73700,74100,73500,73700,16398,1210880000,535803,424329
20240809,1012,73600,73600,73100,73300,7024,515300000,541398,425758
20240809,1013,73300,73500,73200,73200,1965,144120000,543009,426112
20240809,1014,73300,73400,73200,73200,2229,163300000,544744,426606
20240809,1015,73300,73300,73000,73100,2030,148420000,546256,427124
20240809,1016,73200,73200,73000,73100,1227,89680000,547198,427409
20240809,1017,73100,73100,72600,72800,5803,422450000,551534,428876
20240809,1018,72900,73100,72800,72900,1218,88880000,552215,429413
20240809,1019,73000,73000,72800,73000,1656,120710000,553366,429918
20240809,1020,73000,73200,72900,73200,1142,83400000,553903,430523
20240809,1021,73200,73200,73000,73100,804,58790000,554404,430826
20240809,1022,73200,73300,73100,73300,1233,90280000,555197,431266
20240809,1023,73300,73900,73300,73700,4937,363790000,556642,434758
20240809,1024,73700,73800,73300,73300,3664,269760000,559298,435766
20240809,1025,73300,73800,73300,73700,2192,161270000,559643,437613
20240809,1026,73700,74500,73700,74200,15715,1166200000,562782,450189
20240809,1027,74200,74200,73600,73800,4296,317440000,565807,451460
20240809,1028,73900,74600,73800,74500,8153,605780000,567382,458038
20240809,1029,74500,74600,74000,74300,8364,621280000,572534,461250
20240809,1030,74300,74400,74100,74200,5086,377650000,574829,464041
20240809,1031,74200,74300,73800,73800,4153,307300000,578582,464441
20240809,1032,73900,74100,73800,73900,2043,151040000,579956,465110
20240809,1033,73900,74000,73800,73900,2836,209540000,581416,466486
20240809,1034,73900,74000,73900,73900,2130,157460000,582965,467067
20240809,1035,73900,74000,73800,73900,1114,82280000,583672,467474
20240809,1036,73800,73900,73400,73400,6183,454890000,589622,467707
20240809,1037,73400,73700,73300,73700,2119,155630000,590811,468637
20240809,1038,73700,73900,73600,73700,1521,112170000,591863,469106
20240809,1039,73700,73900,73700,73900,936,69050000,592526,469379
20240809,1040,73700,73900,73600,73600,1466,108090000,593741,469630
20240809,1041,73600,73600,73400,73400,1654,121500000,595270,469755
20240809,1042,73400,73500,73300,73500,2386,175140000,596637,470774
20240809,1043,73500,73600,73400,73500,1046,76870000,597207,471250
20240809,1044,73500,73600,73300,73300,2160,158490000,599242,471375
20240809,1045,73200,73300,73200,73200,1161,85060000,600084,471694
20240809,1046,73200,73200,73100,73200,2133,156050000,602034,471877
20240809,1047,73100,73400,73100,73300,1009,73890000,602525,472395
20240809,1048,73300,73400,73100,73200,897,65700000,603332,472485
20240809,1049,73200,73300,73100,73300,1290,94470000,604004,473103
20240809,1050,73300,73300,72900,72900,3550,259400000,607365,473292
20240809,1051,72900,73200,72900,73100,833,60780000,607864,473626
20240809,1052,73200,73200,72900,73100,1379,100740000,608853,474016
20240809,1053,73000,73400,72900,73400,1057,77310000,609302,474624
20240809,1054,73300,73700,73300,73500,1300,95680000,609934,475292
20240809,1055,73500,73700,73400,73400,887,65260000,610578,475535
20240809,1056,73400,73400,73100,73100,1121,82070000,611652,475582
20240809,1057,73200,73300,73100,73100,859,62830000,612349,475744
20240809,1058,73100,73300,73000,73200,978,71530000,612957,476114
20240809,1059,73200,73400,73200,73300,543,39790000,613269,476345
20240809,1100,73300,73400,73000,73000,2684,196290000,615832,476466
20240809,1101,73000,73200,73000,73000,1171,85580000,616730,476739
20240809,1102,73000,73200,72900,73100,1806,131850000,618251,477024
20240809,1103,73000,73200,73000,73200,1885,137720000,619015,478145
20240809,1104,73200,73300,73100,73200,857,62740000,619662,478355
20240809,1105,73200,73400,73100,73300,1040,76230000,620254,478803
20240809,1106,73400,73400,73200,73200,655,48010000,620834,478878
20240809,1107,73200,73400,73200,73200,542,39710000,621268,478986
20240809,1108,73300,73300,73200,73200,350,25630000,621543,479061
20240809,1109,73300,73300,73100,73200,1172,85780000,622494,479282
20240809,1110,73200,73300,73100,73100,635,46460000,623027,479384
20240809,1111,73200,73300,73000,73300,1691,123680000,624093,480009
20240809,1112,73300,73400,73200,73300,652,47740000,624553,480201
20240809,1113,73300,73500,73100,73300,925,67780000,625008,480671
20240809,1114,73300,73400,73100,73200,1267,92720000,626141,480805
20240809,1115,73200,73400,73200,73300,1005,73620000,626759,481192
20240809,1116,73300,73800,73300,73600,2497,183800000,627608,482840
20240809,1117,73700,73700,73400,73400,1256,92340000,628727,482977
20240809,1118,73400,73600,73400,73400,1293,95080000,629661,483336
20240809,1119,73400,73600,73400,73500,800,58800000,630298,483499
20240809,1120,73500,73600,73500,73500,918,67500000,630895,483820
20240809,1121,73500,73600,73200,73400,3552,260700000,633939,484328
20240809,1122,73400,73600,73400,73600,954,70070000,634548,484673
20240809,1123,73600,73600,73400,73500,934,68650000,635168,484987
20240809,1124,73500,73800,73500,73600,2442,179860000,636397,486200
20240809,1125,73700,73700,73500,73600,654,48130000,636873,486378
20240809,1126,73600,73800,73600,73700,1100,81050000,637513,486838
20240809,1127,73700,74100,73700,74000,5598,414230000,637987,491962
20240809,1128,74100,74300,74000,74300,4096,303760000,638554,495491
20240809,1129,74300,74400,74200,74300,8275,614880000,643071,499249
20240809,1130,74200,74300,74100,74200,3140,233030000,645026,500434
20240809,1131,74200,74400,74200,74400,4406,327430000,646144,503722
20240809,1132,74400,74600,74400,74500,5803,432350000,647372,508297
20240809,1133,74500,74500,74100,74200,4129,306700000,650234,509564
20240809,1134,74200,74400,74200,74400,1332,98940000,651098,510032
20240809,1135,74200,74400,74100,74200,1403,104150000,651971,510562
20240809,1136,74200,74300,74100,74100,1897,140610000,653674,510756
20240809,1137,74100,74200,74000,74100,1678,124220000,655197,510911
20240809,1138,74000,74100,73900,74000,1317,97440000,656392,511033
20240809,1139,74000,74000,73800,74000,2096,154820000,658294,511227
20240809,1140,73900,74100,73800,74000,1711,126520000,659553,511679
20240809,1141,73900,73900,73800,73800,1395,102970000,660893,511734
20240809,1142,73800,73900,73800,73900,641,47320000,661377,511891
20240809,1143,73700,73900,73500,73500,2231,164380000,663505,511994
20240809,1144,73500,73800,73500,73700,609,44820000,663800,512308
20240809,1145,73800,73800,73500,73700,1256,92460000,664914,512450
20240809,1146,73600,73700,73500,73600,1561,114810000,666325,512600
20240809,1147,73500,73700,73400,73600,1524,111980000,667739,512710
20240809,1148,73500,73700,73500,73600,517,38040000,668181,512785
20240809,1149,73500,73700,73400,73500,1248,91750000,669106,513108
20240809,1150,73500,73700,73500,73500,688,50580000,669686,513216
20240809,1151,73500,73700,73500,73700,1200,88230000,670793,513309
20240809,1152,73600,73600,73500,73600,915,67270000,671641,513376
20240809,1153,73500,73900,73500,73800,917,67470000,672159,513775
20240809,1154,73600,73800,73500,73500,759,55850000,672894,513799
20240809,1155,73500,73900,73500,73800,804,59200000,673233,514264
20240809,1156,73700,74100,73600,73700,2551,188440000,674250,515798
20240809,1157,73800,73900,73800,73800,528,38980000,674652,515924
20240809,1158,73900,73900,73800,73900,753,55620000,675140,516189
20240809,1159,73900,74000,73800,73900,771,56940000,675764,516336
20240809,1200,73900,74000,73800,73900,592,43760000,676113,516579
20240809,1201,73900,74200,73900,74100,2146,158900000,677345,517493
20240809,1202,74100,74200,74000,74000,922,68290000,677925,517835
20240809,1203,74000,74100,73900,73900,1376,101840000,678903,518233
20240809,1204,73900,74000,73800,73800,1305,96450000,680024,518417
20240809,1205,73900,73900,73800,73900,815,60160000,680679,518577
20240809,1206,73800,74000,73800,73900,1077,79590000,681378,518955
20240809,1207,74000,74300,73900,74200,3060,226890000,682222,521171
20240809,1208,74200,74300,74100,74200,1600,118740000,683180,521813
20240809,1209,74100,74300,74100,74300,1017,75480000,683736,522274
20240809,1210,74200,74300,74200,74300,911,67610000,684536,522385
20240809,1211,74300,74300,74100,74200,2059,152820000,685323,523657
20240809,1212,74300,74400,74200,74200,1692,125700000,686405,524267
20240809,1213,74200,74300,74100,74200,1636,121410000,687735,524573
20240809,1214,74200,74200,74100,74200,705,52240000,688379,524634
20240809,1215,74100,74200,74100,74100,518,38400000,688782,524749
20240809,1216,74100,74200,74000,74200,911,67500000,689445,524997
20240809,1217,74200,74200,74000,74200,1033,76550000,690267,525208
20240809,1218,74100,74200,74100,74200,889,65900000,690937,525427
20240809,1219,74100,74200,74100,74200,1145,84850000,692025,525484
20240809,1220,74100,74200,74000,74000,1005,74420000,692893,525621
20240809,1221,74000,74100,74000,74000,1050,77740000,693606,525958
20240809,1222,74000,74100,74000,74100,578,42770000,694168,525974
20240809,1223,74000,74100,73800,74000,2574,190250000,696466,526250
20240809,1224,74000,74100,74000,74100,363,26870000,696686,526393
20240809,1225,74100,74100,73900,74100,1381,102210000,697289,527171
20240809,1226,74000,74100,73900,74000,758,56060000,697753,527465
20240809,1227,73900,74100,73900,74100,975,72110000,698395,527798
20240809,1228,74000,74000,73900,73900,858,63450000,698896,528155
20240809,1229,74000,74300,73900,74200,2957,219180000,699793,530215
20240809,1230,74100,74200,73900,74000,1091,80830000,700368,530731
20240809,1231,74000,74200,73900,74100,639,47290000,700770,530968
20240809,1232,74200,74200,74100,74200,688,51000000,701259,531167
20240809,1233,74100,74200,74100,74200,807,59810000,701948,531285
20240809,1234,74100,74200,74100,74100,433,32090000,702345,531321
20240809,1235,74100,74100,74000,74000,690,51090000,702877,531479
20240809,1236,74000,74100,74000,74100,685,50700000,703379,531662
20240809,1237,74000,74100,74000,74000,766,56700000,704055,531752
20240809,1238,74000,74100,73900,74000,1184,87580000,705136,531855
20240809,1239,73900,74000,73900,73900,1141,84330000,706119,532013
20240809,1240,73900,74000,73800,73800,1506,111310000,707427,532211
20240809,1241,73900,73900,73300,73400,7241,532900000,714344,532535
20240809,1242,73400,73400,73300,73400,1645,120630000,715451,533073
20240809,1243,73300,73500,73200,73200,2089,153160000,717383,533230
20240809,1244,73300,73300,73100,73200,3641,266360000,720410,533844
20240809,1245,73300,73400,73200,73200,1705,124970000,721541,534418
20240809,1246,73200,73400,73200,73200,966,70760000,722209,534716
20240809,1247,73200,73400,73200,73300,713,52280000,722660,534978
20240809,1248,73300,73600,73300,73300,903,66240000,723339,535202
20240809,1249,73300,73600,73300,73300,1326,97290000,724241,535626
20240809,1250,73300,73300,73200,73200,1071,78480000,725271,535667
20240809,1251,73300,73300,73200,73200,1056,77320000,726163,535831
20240809,1252,73200,73300,73100,73300,2193,160430000,727970,536217
20240809,1253,73300,73300,73100,73200,1837,134430000,729561,536463
20240809,1254,73300,73300,73200,73200,678,49640000,730203,536499
20240809,1255,73300,73400,73200,73300,1189,87090000,731097,536794
20240809,1256,73300,73400,73200,73300,765,56040000,731602,537054
20240809,1257,73400,73400,73200,73300,1347,98720000,732256,537747
20240809,1258,73300,73500,73200,73400,860,63010000,732700,538163
20240809,1259,73400,73500,73300,73400,621,45560000,732958,538526
20240809,1300,73400,73500,73300,73400,1282,94060000,734113,538653
20240809,1301,73300,73400,73200,73300,1076,78870000,735099,538743
20240809,1302,73200,73400,73200,73300,952,69720000,735978,538816
20240809,1303,73300,73300,73100,73300,1505,110110000,737261,539038
20240809,1304,73200,73400,73200,73300,612,44810000,737774,539137
20240809,1305,73300,73300,73100,73200,1296,94820000,738851,539356
20240809,1306,73200,73300,73100,73200,513,37550000,739113,539607
20240809,1307,73200,73300,73100,73100,1156,84560000,739919,539957
20240809,1308,73100,73200,73100,73100,1236,90360000,741092,540020
20240809,1309,73100,73200,73000,73000,1877,137070000,742860,540129
20240809,1310,73100,73100,72900,73000,1605,117160000,744310,540284
20240809,1311,72900,73000,72400,72400,8755,635930000,752768,540581
20240809,1312,72400,72500,72200,72400,3019,218350000,755416,540952
20240809,1313,72300,72700,72300,72600,3113,225560000,756732,542749
20240809,1314,72600,72600,72400,72600,1289,93460000,757643,543127
20240809,1315,72500,72600,72200,72200,4367,316050000,761759,543378
20240809,1316,72200,72400,72000,72200,5146,371300000,766167,544116
20240809,1317,72200,72300,72100,72100,1185,85540000,767277,544191
20240809,1318,72100,72300,72100,72200,2510,181200000,769565,544413
20240809,1319,72100,72200,72100,72200,981,70760000,770284,544675
20240809,1320,72200,72300,72100,72200,1449,104610000,771346,545062
20240809,1321,72200,72300,72100,72100,1288,93020000,772321,545375
20240809,1322,72100,72200,72000,72000,1578,113720000,773871,545403
20240809,1323,72000,72100,71900,71900,3543,255070000,777207,545610
20240809,1324,71900,72000,71600,71600,9423,676630000,785140,547100
20240809,1325,71700,71700,71500,71500,4685,335380000,788781,548144
20240809,1326,71500,72300,71500,72100,1812,130440000,789225,549512
20240809,1327,72100,72300,72100,72100,1421,102630000,790220,549938
20240809,1328,72100,72300,72100,72200,891,64300000,790797,550252
20240809,1329,72100,72400,72100,72300,1493,107910000,791755,550787
20240809,1330,72300,72400,72100,72200,1189,85850000,792805,550926
20240809,1331,72100,72300,72100,72200,1386,100090000,793727,551390
20240809,1332,72200,72300,72100,72300,787,56830000,794184,551720
20240809,1333,72300,72300,72200,72300,680,49150000,794610,551974
20240809,1334,72200,72300,72000,72000,1346,97080000,795880,552050
20240809,1335,72000,72200,72000,72100,499,36000000,796231,552198
20240809,1336,72100,72200,72000,72000,1348,97110000,797425,552352
20240809,1337,71900,72100,71800,71900,2152,154750000,798784,553145
20240809,1338,71900,72200,71900,72100,649,46740000,798970,553608
20240809,1339,72100,72200,72000,72100,453,32670000,799300,553731
20240809,1340,72100,72200,71900,72000,1606,115700000,800405,554232
20240809,1341,71900,72000,71900,72000,1228,88400000,801029,554836
20240809,1342,71900,72100,71900,72100,455,32770000,801283,555037
20240809,1343,72000,72100,71800,71800,1327,95470000,802522,555125
20240809,1344,72000,72000,71800,71800,628,45150000,802786,555489
20240809,1345,71800,71900,71700,71800,890,63900000,803641,555524
20240809,1346,71800,71900,71700,71900,2337,167670000,805868,555634
20240809,1347,71800,71800,71600,71700,1099,78820000,806875,555726
20240809,1348,71700,71700,71600,71600,1058,75780000,807861,555798
20240809,1349,71600,71700,71400,71400,4403,314940000,811786,556276
20240809,1350,71500,71500,71200,71300,5268,375770000,816979,556351
20240809,1351,71300,71600,71200,71600,3060,218360000,817818,558572
20240809,1352,71600,71800,71500,71700,492,35240000,818069,558813
20240809,1353,71700,72000,71700,71800,913,65610000,818326,559469
20240809,1354,71900,72000,71800,71800,1686,121250000,819299,560182
20240809,1355,71800,72300,71700,71800,3164,227970000,820197,562448
20240809,1356,71800,72000,71700,71900,906,65090000,820761,562790
20240809,1357,71800,71900,71600,71600,1375,98550000,822115,562811
20240809,1358,71600,71700,71400,71400,1425,101930000,823393,562958
20240809,1359,71400,71600,71400,71400,1287,91920000,824561,563077
20240809,1400,71300,71400,71100,71300,5750,409490000,829664,563724
20240809,1401,71300,71400,71200,71300,873,62240000,830254,564007
20240809,1402,71400,71500,71300,71400,606,43270000,830563,564304
20240809,1403,71500,71700,71400,71700,438,31360000,830697,564608
20240809,1404,71700,71900,71700,71700,1048,75270000,831366,564987
20240809,1405,71700,71700,71500,71600,520,37210000,831838,565035
20240809,1406,71600,71700,71500,71600,571,40880000,832283,565161
20240809,1407,71600,71800,71500,71600,1428,102260000,833464,565408
20240809,1408,71600,71800,71600,71700,832,59660000,833785,565919
20240809,1409,71800,72000,71700,71800,1040,74810000,834079,566665
20240809,1410,71700,71800,71700,71800,483,34660000,834334,566893
20240809,1411,71700,71800,71600,71700,303,21720000,834578,566952
20240809,1412,71700,71700,71600,71600,805,57650000,835224,567111
20240809,1413,71600,71700,71500,71600,1167,83510000,836070,567432
20240809,1414,71600,71700,71600,71700,742,53160000,836613,567631
20240809,1415,71700,71900,71600,71800,264,18920000,836761,567747
20240809,1416,71800,71800,71600,71600,733,52570000,837474,567767
20240809,1417,71600,71800,71600,71700,768,55080000,838028,567981
20240809,1418,71800,71800,71600,71700,666,47760000,838649,568026
20240809,1419,71700,71800,71700,71700,464,33270000,839104,568035
20240809,1420,71800,71800,71700,71700,279,20010000,839287,568131
20240809,1421,71700,71900,71700,71900,1505,108110000,839594,569329
20240809,1422,71900,72300,71900,72300,2346,169310000,840801,570468
20240809,1423,72200,72400,72100,72100,1635,118130000,841984,570920
20240809,1424,72200,72200,72100,72200,480,34640000,842256,571128
20240809,1425,72300,72300,72100,72100,617,44510000,842766,571235
20240809,1426,72100,72200,72100,72100,860,62030000,843289,571572
20240809,1427,72100,72300,72100,72300,1297,93730000,843775,572383
20240809,1428,72300,72400,72200,72400,1138,82280000,844421,572875
20240809,1429,72300,72600,72300,72300,1940,140510000,845275,573961
20240809,1430,72400,72400,72100,72100,1846,133480000,846736,574346
20240809,1431,72100,72200,72100,72100,812,58550000,847481,574413
20240809,1432,72100,72100,72000,72000,512,36890000,847869,574537
20240809,1433,72000,72200,72000,72000,865,62360000,848382,574889
20240809,1434,72000,72100,71800,71900,1467,105550000,849793,574945
20240809,1435,71900,71900,71700,71800,1034,74200000,850731,575041
20240809,1436,71700,71800,71700,71700,1168,83770000,851710,575230
20240809,1437,71700,71900,71700,71800,781,56060000,852147,575574
20240809,1438,71800,71900,71800,71900,251,18030000,852288,575684
20240809,1439,71900,71900,71800,71900,443,31820000,852559,575856
20240809,1440,71800,72000,71800,71900,625,44940000,852945,576095
20240809,1441,71900,72000,71700,71700,1008,72400000,853827,576221
20240809,1442,71800,71900,71700,71800,754,54110000,854296,576506
20240809,1443,71800,72000,71800,71900,756,54350000,854865,576693
20240809,1444,72000,72000,71800,71900,858,61700000,855568,576848
20240809,1445,71900,72000,71900,72000,783,56300000,856267,576932
20240809,1446,71900,72000,71900,71900,857,61650000,856822,577234
20240809,1447,71900,72000,71800,71800,840,60370000,857570,577326
20240809,1448,71900,72000,71800,72000,1329,95540000,858128,578097
20240809,1449,71900,72000,71800,71900,763,54910000,858427,578561
20240809,1450,71900,72000,71900,71900,464,33380000,858688,578764
20240809,1451,71900,72000,71900,71900,858,61750000,858935,579375
20240809,1452,71900,72000,71800,71900,1411,101460000,860245,579476
20240809,1453,71800,71900,71800,71900,460,33040000,860505,579676
20240809,1454,71900,71900,71800,71900,366,26290000,860760,579787
20240809,1455,71800,71900,71600,71600,2503,179580000,863159,579891
20240809,1456,71600,71800,71600,71700,1028,73690000,863776,580302
20240809,1457,71700,71800,71700,71700,705,50550000,864436,580347
20240809,1458,71800,71800,71700,71800,673,48280000,864893,580563
20240809,1459,71800,71800,71700,71700,646,46330000,865421,580681
20240809,1500,71700,71800,71600,71600,1301,93230000,866471,580932
20240809,1501,71600,71700,71400,71500,5975,427440000,872282,581096
20240809,1502,71500,71500,71300,71300,2956,211030000,875127,581207
20240809,1503,71300,71700,71200,71600,5137,366570000,877125,584346
20240809,1504,71600,71900,71600,71900,1355,97250000,877412,585414
20240809,1505,71800,71900,71700,71700,1140,81860000,877914,586052
20240809,1506,71700,71900,71600,71700,1476,105850000,879112,586330
20240809,1507,71700,71800,71500,71700,1864,133510000,880791,586515
20240809,1508,71700,71700,71400,71400,1493,106750000,882104,586695
20240809,1509,71400,71500,71300,71400,3038,216840000,884402,587435
20240809,1510,71400,71600,71400,71500,1372,98060000,885044,588165
20240809,1511,71500,71900,71500,71800,2623,188170000,885840,589992
20240809,1512,71800,72100,71800,72000,4024,289550000,886992,592864
20240809,1513,72000,72300,71900,72300,4405,317810000,888482,595779
20240809,1514,72300,72600,72300,72500,7156,518320000,891515,599902
20240809,1515,72500,72600,72300,72400,5940,430860000,892911,604446
20240809,1516,72400,72700,72400,72600,4598,333760000,893502,608453
20240809,1517,72600,72700,72500,72600,3638,264290000,893965,611628
20240809,1518,72600,72800,72500,72800,3550,257990000,894642,614501
20240809,1519,72600,72800,72500,72500,1747,126850000,895539,615351
20240809,1520,72600,72600,72100,72100,3376,244140000,898322,615944
20240809,1530,71600,71600,71600,71600,9494,679770000,898322,625438
